0.000000
0.000000
0.000000
0.000000
0.000000
0.000000
0.000000
0.000000
0.000000
0.000000
0.000000
0.000000
0.000000
0.000000
0.000000
0.000000
0.000000
0.000000
0.000000
0.000000
0.000000
0.000000
0.000000
0.000000
0.000000
0.000000
0.000000
0.000000
0.000000
0.000000
0.000000
0.000000
0.000000
0.000000
0.000000
0.000000
0.000000
0.000000
0.000000
0.000000
0.000000
0.000000
0.000000
0.000000
0.000000
0.000000
0.000000
0.000000
0.000000
0.000000
0.000000
0.000000
0.000000
0.000000
0.000000
0.000000
0.000000
0.000000
0.000000
0.000000
0.000000
0.000000
0.000000
0.000000
0.000000
0.000000
0.000000
0.000000
0.000000
0.000000
0.000000
0.000000
0.000000
0.000000
0.000000
0.000000
0.000000
0.000000
0.000000
0.000000
0.000000
0.000000
0.000000
0.000000
0.000000
0.000000
0.000000
0.000000
0.000000
0.000000
0.000000
0.000000
0.000000
0.000000
0.000000
0.000000
0.000000
0.000000
0.000000
0.000000
0.000000
0.000000
0.000000
-0.000000
-0.000000
-0.000000
-0.000000
5690.850716
5536.904421
5404.778601
5296.900563
5209.923882
5140.950406
12968.484134
12779.587320
17397.444248
17200.883197
22389.468057
22969.904457
25539.993310
28723.553954
28925.626225
32828.805463
33523.131607
36429.787797
38782.213239
39786.843964
42507.057044
44803.237764
46454.733827
50853.369881
54859.383591
57644.615052
58028.359615
57884.606974
57621.379145
57329.258476
57028.434115
56723.462737
56415.428952
56104.647619
55790.605819
55475.068229
55156.871615
54836.364221
54513.654726
54188.900650
53862.194428
53533.670651
55240.209927
59212.746854
59735.710415
59521.543599
59145.096644
58730.552439
58305.002789
57876.226479
57444.385525
57010.242939
56574.150378
56136.348120
55697.087684
55256.574203
58951.604714
62103.168869
62312.141275
61900.160709
61352.049966
60773.489823
60186.846821
59597.642472
59007.181926
58413.729331
57823.805559
57234.911930
56570.531232
62424.389625
62932.219268
62392.653103
61646.270992
60866.677063
60089.875556
59323.399894
58568.690920
57826.427116
57096.465975
59054.331199
63587.515980
63717.948440
62999.253873
62120.327412
61225.198554
60339.663095
59470.034227
58617.585623
57782.563787
56964.905072
58289.209371
61530.877674
61313.841139
60478.366996
59544.925619
58612.041452
57698.064914
56804.597075
59259.685125
62080.432835
61660.143320
60683.755038
59633.358681
58594.934221
57584.278390
56603.528924
55649.947468
54729.838792
54525.070505
56064.138864
59018.435115
63046.385856
64189.085299
64103.762064
63765.829247
63379.207801
62983.557631
62587.936788
62194.391026
61803.355706
61414.956573
61029.185138
60646.133383
60265.754461
59888.119582
59513.195599
59141.026590
58771.452431
58403.932615
58040.808058
57679.861870
57321.615656
56966.112387
56613.406406
58803.865723
60004.108292
59926.161269
59594.263644
59212.777408
58823.727951
58434.804738
58050.158450
57668.365435
57289.610977
56914.081170
56541.811550
56172.778400
59181.449984
59380.808851
59081.037360
58689.212253
58284.464377
57876.418157
57477.337521
57079.859461
56685.789006
56295.507547
58533.636761
61258.498938
61421.894540
61082.084696
60640.519524
60180.918247
59722.214050
59267.051453
58816.407774
58370.587929
57929.518031
57493.238595
57061.670306
56634.883668
56212.838358
55794.102955
58811.282750
60227.434427
60069.568567
59635.949423
59156.425858
