0.000000
0.000000
0.000000
0.000000
0.000000
0.000000
0.000000
0.000000
0.000000
0.000000
0.000000
0.000000
0.000000
0.000000
0.000000
0.000000
0.000000
0.000000
0.000000
0.000000
0.000000
0.000000
0.000000
0.000000
0.000000
0.000000
0.000000
0.000000
0.000000
0.000000
0.000000
0.000000
0.000000
0.000000
0.000000
0.000000
0.000000
0.000000
0.000000
0.000000
0.000000
0.000000
0.000000
0.000000
0.000000
0.000000
0.000000
0.000000
0.000000
0.000000
0.000000
0.000000
0.000000
0.000000
0.000000
0.000000
0.000000
0.000000
0.000000
0.000000
0.000000
0.000000
0.000000
0.000000
0.000000
0.000000
0.000000
0.000000
0.000000
0.000000
0.000000
0.000000
0.000000
0.000000
0.000000
0.000000
0.000000
0.000000
0.000000
0.000000
0.000000
0.000000
0.000000
0.000000
0.000000
0.000000
0.000000
0.000000
0.000000
0.000000
0.000000
0.000000
0.000000
0.000000
0.000000
0.000000
0.000000
0.000000
0.000000
0.000000
0.000000
0.000000
0.000000
-0.000000
-0.000000
-0.000000
-0.000000
5690.850407
5536.901795
5404.771543
5296.887093
5209.902119
5140.918539
12968.425295
12779.485127
17397.269178
17200.610700
22389.063736
22969.308063
25539.163776
28722.395933
28924.066676
32826.752653
33520.468659
36426.418253
38777.961602
39781.558502
42500.572047
44795.372405
46445.256796
50842.013177
54845.834770
57628.463318
58009.302747
57862.400232
57595.794573
57300.075189
56995.436001
56686.437764
56374.169068
56058.948771
55740.264723
55419.891961
55096.668156
54770.945540
54442.836945
54112.503867
53780.042782
53445.592313
55146.024310
59111.760017
59627.437757
59405.717350
59021.504798
58598.998136
58165.296303
57728.186964
57287.836705
56845.014291
56400.077156
55953.271207
55504.853678
55055.035077
58740.495306
61881.363799
62079.108172
61655.654616
61095.889678
60505.516360
59906.911739
59305.606323
58702.912655
58097.095288
57494.692658
56893.217287
56216.157763
62056.390338
62549.696549
61995.350623
61234.070858
60439.496661
59647.645711
58866.059622
58096.186219
57338.710963
56593.497303
58536.035097
63052.309796
63165.009003
62428.397403
61531.505976
60618.400945
59714.888618
58827.289867
57956.884534
57103.924840
56268.352225
57574.733988
60797.087158
60560.082788
59704.569079
58751.130738
57798.317451
56864.488022
55951.242030
58386.508575
61185.677084
60743.218650
59744.665663
58672.227011
57611.902411
56579.492786
55577.138504
54602.095687
53660.681340
53434.696747
54952.285813
57883.608438
61887.221046
63004.031090
62892.356947
62527.878711
62114.592226
61692.168465
61269.671754
60849.152528
60431.050494
60015.495660
59602.483729
59192.110793
58784.333765
58379.228087
57976.763648
57576.988317
57179.732401
56784.486657
56393.580673
56004.801045
55618.672795
55235.241640
54854.565491
57016.713879
58187.152303
58078.926338
57716.623132
57304.680721
56885.141038
56465.697259
56050.509852
55638.157242
55228.826661
54822.707025
54419.837269
54020.195656
56997.138868
57163.784139
56831.117697
56406.364620
55968.692692
55527.722068
55095.740012
54665.375667
54238.437273
53815.309347
56020.439544
58709.821840
58836.749232
58460.300699
57982.096528
57485.892472
56990.636355
56498.975331
56011.889986
55529.687993
55052.298099
54579.762937
54112.005572
53649.099159
53191.006314
52736.291654
55717.027635
57094.302693
56897.021954
56423.979478
55905.118494
